1.000000000000000056e-01 1.067805332489249803e+00 2.996606068475655277e-02 1.063021157462011645e+00 3.006159436173629421e-02 1.063021157462011645e+00 3.933787910735062066e-02 1.063021157462011645e+00 2.999031371325953585e-02
2.000000000000000111e-01 1.067470869440344305e+00 6.033009972996498937e-02 1.058353522176951333e+00 6.052875511841363659e-02 1.058353522176951333e+00 7.882072005210648269e-02 1.058353522176951333e+00 6.034815983280995139e-02
3.000000000000000444e-01 1.072028564847127718e+00 9.022540213130819664e-02 1.059955736375983948e+00 9.052167532134694494e-02 1.059955736375983948e+00 1.178146469251810241e-01 1.059955736375983948e+00 9.054702211826960723e-02
4.000000000000000222e-01 1.078218639840389015e+00 1.199737697092655847e-01 1.062074377740183317e+00 1.203676393432318859e-01 1.062074377740183317e+00 1.568882311530304940e-01 1.062074377740183317e+00 1.202923263462868375e-01
5.000000000000000000e-01 1.083010110225921752e+00 1.488297964982179533e-01 1.062671462939134281e+00 1.493216725343513018e-01 1.062671462939134281e+00 1.949370003406666330e-01 1.062671462939134281e+00 1.494903484679684369e-01
5.999999999999999778e-01 1.082053905020189166e+00 1.779682336129594922e-01 1.061833710451160151e+00 1.785593106600072144e-01 1.061833710451160151e+00 2.332232742440250861e-01 1.061833710451160151e+00 1.786328585064937413e-01
6.999999999999999556e-01 1.084044297323929928e+00 2.065100570020563242e-01 1.068123603956466106e+00 2.071990884967515878e-01 1.068123603956466550e+00 2.707814451880533602e-01 1.068123603956466106e+00 2.070430175141741436e-01
7.999999999999999334e-01 1.074068684807344409e+00 2.355689794453035280e-01 1.055761612290394780e+00 2.363621904999171908e-01 1.055761612290395002e+00 3.087224123594164427e-01 1.055761612290394780e+00 2.364882240066644437e-01
8.999999999999999112e-01 1.077366536500015348e+00 2.633510578289357529e-01 1.064127983525573695e+00 2.642350971346030253e-01 1.064127983525573695e+00 3.451983384462085636e-01 1.064127983525573695e+00 2.642809906208302140e-01
9.999999999999998890e-01 1.072008296570256203e+00 2.911823360203344424e-01 1.057315909620247796e+00 2.921682742714177272e-01 1.057315909620247796e+00 3.818896049180135477e-01 1.057315909620247796e+00 2.921366406805969707e-01
9.999999999999998890e-01 1.315727832855904077e-03 4.334051400970880819e-01 1.193049457390134727e-03 2.945444143561635197e-01 2.388182349272048328e-03 1.467035034926080339e+00 1.193047978074099173e-03 2.921366406805969707e-01
1.099999999999999867e+00 2.480347261672009515e-03 4.345188861903964139e-01 2.227715240274406611e-03 2.958020709315583585e-01 3.615778098836787760e-03 1.468122081186914674e+00 2.227766221136882191e-03 2.934406573423762321e-01
1.199999999999999956e+00 4.846495674946924882e-03 4.359803550312972842e-01 4.649222282029285072e-03 2.970535882756423218e-01 6.274701370691002783e-03 1.469186162568501430e+00 4.649317033380126821e-03 2.946997971395005078e-01
1.300000000000000044e+00 7.040767484301797309e-03 4.370553130393252106e-01 6.880881576805735270e-03 2.988964078694220095e-01 8.558145363088277835e-03 1.470082822515533350e+00 6.881115887493696737e-03 2.965072827037099068e-01
1.400000000000000133e+00 8.799558943798108102e-03 4.381188829233507165e-01 8.540038135983732751e-03 3.009237075883647305e-01 9.895965420187580533e-03 1.471331247278113930e+00 8.540385892159300593e-03 2.987802425186626976e-01
1.500000000000000222e+00 1.087179080127042771e-02 4.395139426296028051e-01 1.053997194535977004e-02 3.033762887501328387e-01 1.151794060222565211e-02 1.472899537031326700e+00 1.054024933832538487e-02 3.012649231436456687e-01
1.600000000000000311e+00 1.094296465094770146e-02 4.407758718197411496e-01 1.057611726443464725e-02 3.059836931778128766e-01 1.149035104366322342e-02 1.474085319410022299e+00 1.057627644750035525e-02 3.037798244739697284e-01
1.700000000000000400e+00 1.113339478375569361e-02 4.413859460548710256e-01 1.069553566737500849e-02 3.085159613215138763e-01 1.185776467440449733e-02 1.475745292409795351e+00 1.069560689725000333e-02 3.065370628660356589e-01
1.800000000000000488e+00 1.424426034358112006e-02 4.426021568923352301e-01 1.387664613337235078e-02 3.106262761111626136e-01 1.491121410950450692e-02 1.477258821830683688e+00 1.387674854672045488e-02 3.083085005121422584e-01
1.900000000000000577e+00 1.536567889669413454e-02 4.435436904803809477e-01 1.509029318930045320e-02 3.133525369783526915e-01 1.669769782888198134e-02 1.478675126883091107e+00 1.509041364769745860e-02 3.112711420133821849e-01
2.000000000000000444e+00 1.594936245944993114e-02 4.443460879243646966e-01 1.587051440578441525e-02 3.161394365997889366e-01 1.741211620434244406e-02 1.480050393824930088e+00 1.587083764918056222e-02 3.139335972469612379e-01
2.000000000000000444e+00 1.104991534904855048e-03 4.421840647453791906e-01 1.101031134584816744e-03 3.159563789369377318e-01 2.531106272467787029e-03 1.540987738908077054e+00 1.101575215657320814e-03 3.139335972469612379e-01
2.100000000000000533e+00 2.763513554673824660e-03 4.424505395677124642e-01 2.793832491832562957e-03 3.181229696795568884e-01 4.143112735879749507e-03 1.542947974699544922e+00 2.794436397628760182e-03 3.163282364851484063e-01
2.200000000000000622e+00 4.203694558683915110e-03 4.427727769765530952e-01 4.326035379856903521e-03 3.204703514042894219e-01 5.614676608051832711e-03 1.544247516477992743e+00 4.326263058917874382e-03 3.185469867489730267e-01
2.300000000000000711e+00 6.076944986164258683e-03 4.432312607371159396e-01 6.278092483726926444e-03 3.228364784046784397e-01 7.309999923649953581e-03 1.545651656332935442e+00 6.278088641740163858e-03 3.209081688256544274e-01
2.400000000000000799e+00 6.905177830152879788e-03 4.425978336157852522e-01 7.062818954556258043e-03 3.249427118118746183e-01 8.250688650304168967e-03 1.546691779101353026e+00 7.062996089362638154e-03 3.228775990819381936e-01
2.500000000000000888e+00 7.335916865763889017e-03 4.426538219402235130e-01 7.219375035968792279e-03 3.272141084803644184e-01 8.260115554085406195e-03 1.547897409667162494e+00 7.219413429994617215e-03 3.254148182558749269e-01
2.600000000000000977e+00 9.394705389719018931e-03 4.427214250075329205e-01 9.457651790428052083e-03 3.292080686394140976e-01 1.038894362721872952e-02 1.548877531588512380e+00 9.457427356999200188e-03 3.272024988475872864e-01
2.700000000000001066e+00 1.018561378620310397e-02 4.430495086377758129e-01 1.031772202455401820e-02 3.311885356310823036e-01 1.116972200663855254e-02 1.549859053356386296e+00 1.031673178428752988e-02 3.293699021571322438e-01
2.800000000000001155e+00 1.340628969816753252e-02 4.432349337526249045e-01 1.350214257078463306e-02 3.330454906229868284e-01 1.418251214681073846e-02 1.550534670694716954e+00 1.350141546492077821e-02 3.312260451916473336e-01
2.900000000000001243e+00 1.389038013530733730e-02 4.434888330199623363e-01 1.379704642596937120e-02 3.350815816812369174e-01 1.443447012882412284e-02 1.551675038688014485e+00 1.379611709429224252e-02 3.335520146471600000e-01
3.000000000000001332e+00 1.510003173677385360e-02 4.429782665150938659e-01 1.532889627077906047e-02 3.365144650205971755e-01 1.503523770651610594e-02 1.552036153494144921e+00 1.532835287354639836e-02 3.348811029391751126e-01
3.000000000000001332e+00 1.203627753038022429e-03 4.392815405775996052e-01 1.199093671802249281e-03 3.357558128168028344e-01 2.507209647296296685e-03 1.604123916507562031e+00 1.198095863986711100e-03 3.348811029391751126e-01
3.100000000000001421e+00 2.260150601932092978e-03 4.390765292625592453e-01 2.323539785921405979e-03 3.375714581498026057e-01 3.387770184080548998e-03 1.604151604316179647e+00 2.325355837714620632e-03 3.368737713598782824e-01
3.200000000000001510e+00 4.434951476152360940e-03 4.386162281348464642e-01 4.358302761452272425e-03 3.388955653942338775e-01 5.890430887135053237e-03 1.603963901959193361e+00 4.363248086192167245e-03 3.380673350326934834e-01
3.300000000000001599e+00 6.324294236228805884e-03 4.380225402120231371e-01 6.295519613719826116e-03 3.404915655986890388e-01 8.214618509216568137e-03 1.603747074130543737e+00 6.298979913202425694e-03 3.398650701675077768e-01
3.400000000000001688e+00 8.497764979963271653e-03 4.369355537742516393e-01 8.559755030967676828e-03 3.420702013538940989e-01 1.017849962177735240e-02 1.603089625933579176e+00 8.567204338989468579e-03 3.413519462129673276e-01
3.500000000000001776e+00 1.018610052679225220e-02 4.363110265296966661e-01 1.032580838837627440e-02 3.435816071969696739e-01 1.176426985030100403e-02 1.602545505610115217e+00 1.033451194648920754e-02 3.430478579146711282e-01
3.600000000000001865e+00 1.302628418195812647e-02 4.358917374931534083e-01 1.305183865625892704e-02 3.452125537037229464e-01 1.445027954399324271e-02 1.602283730777366966e+00 1.305916441136949387e-02 3.443579569478891211e-01
3.700000000000001954e+00 1.364930007758807101e-02 4.352542611557837504e-01 1.341937172817893667e-02 3.462597185391357302e-01 1.481546976378243265e-02 1.601374287922272988e+00 1.342712035958967993e-02 3.455619951017875335e-01
3.800000000000002043e+00 1.530113754890345505e-02 4.345181217601014056e-01 1.519708899225489379e-02 3.470901039998968707e-01 1.653431108508885555e-02 1.600486254605638869e+00 1.520709309441686981e-02 3.464941596320934014e-01
3.900000000000002132e+00 1.851477075336433950e-02 4.334656584807876634e-01 1.842457384587678493e-02 3.481101745363334721e-01 1.911705915090338576e-02 1.599998116576275331e+00 1.843744151706280116e-02 3.474821928661901982e-01
4.000000000000001776e+00 2.017560800498171408e-02 4.328169683625033848e-01 1.996965516204226437e-02 3.489201537179332235e-01 2.107127797194968677e-02 1.599334371935190013e+00 1.997872823501187570e-02 3.485560980550601040e-01
4.000000000000001776e+00 1.054938535239534608e-03 4.307514566946712420e-01 1.022202868790151849e-03 3.487565448728605078e-01 2.352190127212424285e-03 1.651386976369243031e+00 1.022046015434501312e-03 3.485560980550601040e-01
4.100000000000001421e+00 2.067891547408518341e-03 4.298719183378394426e-01 2.044578415366654287e-03 3.488689582612089501e-01 3.423778999873092026e-03 1.650171049413859281e+00 2.042597301221107681e-03 3.487844304149482211e-01
4.200000000000001066e+00 4.568932343140680308e-03 4.290679787691298319e-01 4.493712294077190951e-03 3.492990016451348323e-01 6.453201349261205449e-03 1.649106220697077463e+00 4.491394939904013242e-03 3.492658754649267117e-01
4.300000000000000711e+00 6.325372062034827041e-03 4.277178419710520596e-01 6.221985761964024184e-03 3.493035516608065660e-01 8.370334202381179631e-03 1.647701747161782748e+00 6.219660624429172550e-03 3.493187820414393463e-01
4.400000000000000355e+00 8.741094549658276827e-03 4.261518020158315267e-01 8.745976746980098360e-03 3.491463156237447629e-01 1.092330236376795952e-02 1.646196007758500945e+00 8.741884398600924949e-03 3.491605941451424999e-01
4.500000000000000000e+00 9.864404794691314718e-03 4.248157234202135646e-01 9.782746962364285634e-03 3.489173502202221888e-01 1.204981571144816792e-02 1.644559476415679233e+00 9.779089349526247713e-03 3.488956401847729261e-01
4.599999999999999645e+00 1.194245553139683912e-02 4.232941111411621660e-01 1.206007387760611900e-02 3.487481459157426578e-01 1.424250865479258742e-02 1.642990836684206979e+00 1.205758831960792102e-02 3.487035092102565015e-01
4.699999999999999289e+00 1.400624324800814509e-02 4.217617855271179050e-01 1.401292895043309075e-02 3.485577710072874646e-01 1.606762981169811491e-02 1.641591407649906520e+00 1.401695009923697478e-02 3.483387153618353049e-01
4.799999999999998934e+00 1.544981354882191647e-02 4.204746651905108545e-01 1.544020925866160417e-02 3.481703229147797285e-01 1.715652496020592457e-02 1.640062920317570727e+00 1.544125994433604050e-02 3.480992392554927983e-01
4.899999999999998579e+00 1.730015450043624961e-02 4.189698504415851343e-01 1.739114735843192219e-02 3.478642792227761849e-01 1.885971513072056197e-02 1.638673402319962946e+00 1.739077232698040681e-02 3.478673662097613306e-01
4.999999999999998224e+00 1.706574688560226830e-02 4.177752009794090671e-01 1.703056179858202998e-02 3.469043349196970771e-01 1.856770840028356545e-02 1.637220061254521575e+00 1.702751992174188558e-02 3.469770024875885595e-01
4.999999999999998224e+00 1.429424603902814360e-03 4.192921947544194783e-01 1.534713212523122847e-03 3.500650649789994739e-01 2.805978918159259764e-03 1.676981687039470037e+00 1.529444639619732425e-03 3.469770024875885595e-01
5.099999999999997868e+00 3.089174712998213508e-03 4.182579370693240151e-01 3.291149880351107709e-03 3.490992951286221446e-01 4.428994219523333005e-03 1.675219517364790134e+00 3.288804539234516187e-03 3.460054584365799268e-01
5.199999999999997513e+00 5.040047423829924905e-03 4.175199521234856381e-01 5.323528267603680648e-03 3.475143026690369896e-01 6.941245358926620597e-03 1.673512321616847265e+00 5.328949023960577805e-03 3.443016057187262557e-01
5.299999999999997158e+00 6.915135945963891625e-03 4.164823749627240002e-01 7.204850405420170148e-03 3.460771742426805853e-01 9.030787881781982690e-03 1.671856816244849941e+00 7.207967947642546919e-03 3.428214293370456800e-01
5.399999999999996803e+00 8.876870435199312598e-03 4.156032612051812625e-01 9.216458349678323045e-03 3.446917301912598708e-01 1.096221279115712488e-02 1.669907871210117856e+00 9.218886166170723803e-03 3.416143510632410063e-01
5.499999999999996447e+00 1.103817629493779838e-02 4.147051759634454160e-01 1.144387329500641017e-02 3.428218936352191992e-01 1.298545256043238776e-02 1.668118289043369229e+00 1.144831161824095590e-02 3.394709219924013643e-01
5.599999999999996092e+00 1.368885117544136644e-02 4.141143516882164199e-01 1.400156961257959659e-02 3.411790037236621664e-01 1.545050360029463082e-02 1.666529915205978263e+00 1.400998900712484459e-02 3.380584288374546276e-01
5.699999999999995737e+00 1.436979967167374174e-02 4.136845334084661707e-01 1.466266706576510939e-02 3.397999144304626462e-01 1.564724233476955106e-02 1.664957427296754222e+00 1.466613392810721048e-02 3.368386496075448933e-01
5.799999999999995381e+00 1.568323037699562508e-02 4.133923831412211758e-01 1.605925395446736528e-02 3.383189781043082212e-01 1.716619052490731684e-02 1.663483658588162495e+00 1.606777780696604443e-02 3.351668898290035559e-01
5.899999999999995026e+00 1.796570954444468016e-02 4.137641986967277585e-01 1.830294284997560292e-02 3.370499044205834127e-01 1.906294292231142801e-02 1.661734173533905068e+00 1.830690819087854929e-02 3.340398873705185956e-01
5.999999999999994671e+00 1.978009272401273430e-02 4.137608751437953925e-01 2.017434666583220806e-02 3.357574163708220150e-01 2.073559414495446812e-02 1.660415309719702082e+00 2.016923149587836889e-02 3.325124934255161979e-01
5.999999999999994671e+00 1.309952957233960144e-03 4.077475796003812158e-01 1.278337058314545083e-03 3.382449441549301716e-01 2.863383584159630551e-03 1.690852509794619429e+00 1.277835223941575955e-03 3.325124934255161979e-01
6.099999999999994316e+00 3.752562495159005029e-03 4.077988372415108920e-01 3.767233326927604820e-03 3.362096563874237276e-01 5.592539830631008090e-03 1.689652071162145885e+00 3.750655517626451559e-03 3.303804248439355384e-01
6.199999999999993960e+00 6.594241468122379220e-03 4.078045964123770406e-01 6.423462906139368843e-03 3.338632893068353980e-01 8.587975667452599562e-03 1.688207358036927230e+00 6.395270717866263603e-03 3.283444491875497917e-01
6.299999999999993605e+00 9.401189157344468084e-03 4.077027129202464573e-01 9.410216948344920715e-03 3.316606605006000019e-01 1.150098428936129763e-02 1.686531203226121489e+00 9.381012924953625182e-03 3.262247616676819950e-01
6.399999999999993250e+00 1.206817609218887796e-02 4.075699909743217275e-01 1.210527956860802702e-02 3.291904127290187776e-01 1.355047408850055049e-02 1.685005079888322266e+00 1.207573748615061240e-02 3.236935509662756671e-01
6.499999999999992895e+00 1.368544895562297248e-02 4.076388146746700580e-01 1.375068277526000221e-02 3.274390500368752899e-01 1.542412464143210794e-02 1.684051230168524649e+00 1.371151548378764413e-02 3.220445949362267246e-01
6.599999999999992539e+00 1.497506584547414824e-02 4.080671240283358370e-01 1.474762253204523269e-02 3.254076268490987967e-01 1.722917860890729042e-02 1.682831605909675510e+00 1.472460416473618354e-02 3.200061470477851833e-01
6.699999999999992184e+00 1.597206777177283613e-02 4.090887933748504346e-01 1.579134003951176285e-02 3.235619835698130276e-01 1.877259504511628527e-02 1.681811757276494568e+00 1.577162592027168270e-02 3.180984614161849744e-01
6.799999999999991829e+00 1.756665948439391917e-02 4.099012672407987834e-01 1.727703364913369885e-02 3.215875834255255694e-01 2.093910378961627225e-02 1.680498269858339278e+00 1.726543877922085898e-02 3.158933020451964446e-01
6.899999999999991473e+00 1.983529297557313359e-02 4.104963591044124005e-01 1.962335367031000505e-02 3.195901717055461555e-01 2.333345217726581419e-02 1.679405213504414851e+00 1.962698648343203303e-02 3.139052340566438337e-01
6.999999999999991118e+00 2.073286506040687011e-02 4.115264856549485373e-01 2.042771358605238036e-02 3.175743395230485322e-01 2.393955465371724184e-02 1.678628411142457866e+00 2.043491185673371180e-02 3.119202252099649297e-01
6.999999999999991118e+00 1.061965473145855829e-03 4.061170588175742613e-01 9.508202370250996415e-04 3.196877248133838667e-01 3.070617668000217518e-03 1.683736426954471233e+00 9.535519602010649994e-04 3.119202252099649297e-01
7.099999999999990763e+00 2.864139165250243965e-03 4.061724761365127501e-01 2.838539914176865016e-03 3.178562331259995322e-01 5.187556930127105830e-03 1.683319602547580951e+00 2.830183832859153609e-03 3.097306560605850301e-01
7.199999999999990408e+00 4.393687067981670059e-03 4.066893461242839236e-01 4.210177874355311087e-03 3.159063611415809936e-01 6.969188996043994104e-03 1.682754388674087220e+00 4.195151380583274359e-03 3.074815070647251569e-01
7.299999999999990052e+00 5.997871119013575142e-03 4.071596835065771636e-01 5.823779525341136326e-03 3.139464144852922578e-01 8.440349111909198690e-03 1.682214873098722085e+00 5.795822037767906811e-03 3.058237798407157371e-01
7.399999999999989697e+00 7.429425818259339544e-03 4.075162213781519105e-01 7.208493979034501752e-03 3.121628396414327100e-01 1.029063624513670838e-02 1.681693989156764601e+00 7.187386730969625576e-03 3.038033535271979502e-01
7.499999999999989342e+00 8.147821900026814765e-03 4.086285482798407975e-01 7.929326940232784421e-03 3.103514285698297792e-01 1.071292750171873136e-02 1.681346281726525671e+00 7.883928146012873783e-03 3.019913599527269121e-01
7.599999999999988987e+00 9.598333030398982502e-03 4.099118704735172924e-01 9.350184423564581945e-03 3.086743161341318209e-01 1.221572502090353604e-02 1.681322857869824938e+00 9.300169398002662569e-03 3.002302413848304541e-01
7.699999999999988631e+00 1.159335160304379372e-02 4.107291597665901906e-01 1.142860708890766804e-02 3.071176119197470689e-01 1.445081084793841363e-02 1.681573812335108054e+00 1.136753217387082536e-02 2.985238240128597620e-01
7.799999999999988276e+00 1.287699335964485534e-02 4.118001030855752420e-01 1.267155123830924005e-02 3.059287349350611751e-01 1.563247061799701715e-02 1.681787667832604471e+00 1.262594622751269172e-02 2.971568388326068511e-01
7.899999999999987921e+00 1.389000986588138052e-02 4.131891239758115897e-01 1.379390689097219694e-02 3.053991973467653498e-01 1.701287388873888584e-02 1.682621680390110175e+00 1.375361290815933779e-02 2.965916937151711341e-01
7.999999999999987566e+00 1.486612648023543162e-02 4.148767182752429172e-01 1.489262788216167213e-02 3.047478879528021101e-01 1.804999855465353256e-02 1.683481325029778430e+00 1.484068887439820433e-02 2.955448280270838723e-01
7.999999999999987566e+00 1.094416668582165290e-03 4.091351108908399259e-01 1.263055418142365691e-03 3.084931118226593161e-01 2.234150999201036866e-03 1.658039331968914176e+00 1.269888713561528057e-03 2.955448280270838723e-01
8.099999999999987210e+00 2.716209211225623608e-03 4.099090043697488084e-01 2.799208894197514289e-03 3.078666968277516958e-01 3.402460901311539238e-03 1.658453318508486651e+00 2.792982934870575328e-03 2.949615204508324595e-01
8.199999999999986855e+00 3.917148902382512100e-03 4.107493623469520294e-01 4.032391663128220491e-03 3.082949952009489403e-01 4.864130502274248598e-03 1.659297852353367020e+00 4.054834572155720587e-03 2.953008736482661822e-01
8.299999999999986500e+00 5.951628567211991391e-03 4.115904231288751713e-01 6.050774564119091800e-03 3.091739442297778417e-01 6.247630067386961139e-03 1.660349893445114411e+00 6.057974178655870304e-03 2.958169638095641263e-01
8.399999999999986144e+00 8.382504973730900422e-03 4.123768020656672917e-01 8.628415144350004562e-03 3.093062185613421056e-01 9.287156134937040244e-03 1.661187479483009932e+00 8.639172731266762939e-03 2.960330104433066545e-01
8.499999999999985789e+00 1.118397816231357124e-02 4.129830229723054913e-01 1.135267652724910106e-02 3.096867595296354803e-01 1.188600949943187726e-02 1.662552152764825042e+00 1.137318634309822558e-02 2.963158419408524202e-01
8.599999999999985434e+00 1.297707854390219538e-02 4.141198900150729889e-01 1.325866431357383864e-02 3.104657896862205169e-01 1.348930212676739682e-02 1.663803209874782585e+00 1.327977321834702615e-02 2.968977348325915755e-01
8.699999999999985079e+00 1.347530506169870336e-02 4.149334522136103875e-01 1.390723021936618974e-02 3.116350598182708875e-01 1.387487511305247716e-02 1.665201166102250552e+00 1.394168093930761056e-02 2.981686130845725979e-01
8.799999999999984723e+00 1.393049263570325311e-02 4.154540066398043074e-01 1.433081480351533488e-02 3.127255567591694652e-01 1.415282998113034756e-02 1.666695752283599008e+00 1.435250160528641142e-02 2.991432333893958018e-01
8.899999999999984368e+00 1.502502102037392082e-02 4.159372607057732485e-01 1.529977172383674769e-02 3.140488252023944105e-01 1.555261885813339490e-02 1.667887152882130630e+00 1.532510331399223984e-02 3.003723680321297995e-01
8.999999999999984013e+00 1.729397583921692474e-02 4.167761355955583724e-01 1.737194605996065372e-02 3.153502854608523087e-01 1.743015090582030954e-02 1.669220963391097268e+00 1.738966901637484588e-02 3.016618905921313321e-01
8.999999999999984013e+00 1.334509001802326299e-03 4.163974024798389739e-01 1.290597654561745616e-03 3.203299955159388812e-01 2.592186670623902560e-03 1.645555988861297836e+00 1.295797112318537942e-03 3.015986530433989454e-01
9.099999999999983658e+00 3.148383466613578329e-03 4.171872329533042878e-01 3.162921044841511542e-03 3.220053344269966367e-01 4.326023355296125875e-03 1.646876729111044213e+00 3.182885915665240126e-03 3.034661466547921016e-01
9.199999999999983302e+00 5.674554762568792890e-03 4.185216809346833378e-01 5.686790182461674836e-03 3.235315614693529684e-01 7.115794203791125407e-03 1.648541656206439665e+00 5.720949873581198178e-03 3.047432336500348060e-01
9.299999999999982947e+00 7.606148120637343940e-03 4.199459004881757607e-01 7.670461995109466996e-03 3.252970470420665783e-01 9.062354569744347083e-03 1.650582037187346085e+00 7.707590334050615569e-03 3.069915061626061759e-01
9.399999999999982592e+00 9.465781228905343833e-03 4.212894718446861253e-01 9.376240480940307639e-03 3.268354592722241270e-01 1.077645416583673799e-02 1.652418968354747220e+00 9.407157147452620619e-03 3.085210590908142869e-01
9.499999999999982236e+00 1.221523246321851164e-02 4.223089806404768387e-01 1.201758577412558732e-02 3.284430733309658956e-01 1.346097213219446531e-02 1.653999918617007125e+00 1.206701196052895921e-02 3.101749626565466489e-01
9.599999999999981881e+00 1.379464852398765498e-02 4.234478315599833342e-01 1.365532005583568360e-02 3.301330933034272164e-01 1.522592397034286567e-02 1.655491455913628895e+00 1.369720983797348239e-02 3.120142017493159892e-01
9.699999999999981526e+00 1.563537165045154539e-02 4.246861388796402959e-01 1.551359568892424039e-02 3.322176894084692411e-01 1.660842963857089155e-02 1.657245165017213084e+00 1.554866118499260465e-02 3.143483994103781209e-01
9.799999999999981171e+00 1.788981558441496075e-02 4.255731513834796753e-01 1.780026105050731139e-02 3.341231048655763369e-01 1.827708251335031717e-02 1.659052878914019979e+00 1.786179377680850375e-02 3.162011561976703078e-01
9.899999999999980815e+00 2.250850958208600733e-02 4.268550441876739487e-01 2.241479303253479313e-02 3.357547771011665794e-01 2.353005900515067056e-02 1.660057600657650623e+00 2.246990790456548925e-02 3.178936513655270524e-01
9.999999999999980460e+00 2.388809573160126376e-02 4.275690295080620262e-01 2.380788564557242970e-02 3.379628235863185171e-01 2.489147294784502945e-02 1.661591126574347266e+00 2.382806184824590862e-02 3.201547535252667886e-01
9.999999999999980460e+00 1.355100385223024628e-03 4.218431195267784983e-01 1.244806060014169626e-03 3.439313263404801813e-01 2.942650630220775953e-03 1.643519690411077816e+00 1.226458152439505178e-03 3.201547535252667886e-01
1.009999999999998010e+01 3.814192268652297126e-03 4.224286988768720663e-01 3.800191506084089205e-03 3.457235635594501644e-01 5.238628948140821445e-03 1.645115635989387481e+00 3.743362187672647900e-03 3.220508977261228312e-01
1.019999999999997975e+01 6.082361483983994913e-03 4.227734033253242596e-01 5.954274824860892983e-03 3.470470011401720067e-01 7.858984825733899074e-03 1.646380951811325044e+00 5.905971388657116350e-03 3.235790954968587041e-01
1.029999999999997939e+01 7.850115876596222217e-03 4.231280389614506254e-01 7.612566386288584751e-03 3.489086273749134048e-01 9.894881764477015881e-03 1.647360226503636005e+00 7.593195609371246671e-03 3.252205791369928711e-01
1.039999999999997904e+01 1.038695042021013301e-02 4.235448623494939557e-01 1.019136514736939010e-02 3.508321342059673165e-01 1.242670404684302100e-02 1.648575398556481497e+00 1.015362059816911876e-02 3.272524039638146087e-01
1.049999999999997868e+01 1.239284951684241180e-02 4.242036308776320763e-01 1.231713569013004848e-02 3.528468352681459752e-01 1.445537338730848789e-02 1.649780567141283738e+00 1.226588213529248086e-02 3.292074787640623668e-01
1.059999999999997833e+01 1.495114968635500100e-02 4.248804683709842545e-01 1.508050603550666231e-02 3.550404757490013274e-01 1.691799401178041909e-02 1.651329053043477213e+00 1.503441844473231946e-02 3.312183404154154243e-01
1.069999999999997797e+01 1.600187402426386102e-02 4.256028474699283248e-01 1.592568020091012296e-02 3.571555078461743915e-01 1.806409443115940955e-02 1.652880657037921086e+00 1.590559244097065200e-02 3.334599606132898630e-01
1.079999999999997762e+01 1.834340789161015978e-02 4.259192842738642182e-01 1.824380160765223802e-02 3.590527761385118310e-01 1.998467714025225703e-02 1.654105841445466352e+00 1.828273985276804639e-02 3.352714221350887591e-01
1.089999999999997726e+01 1.930862881949813037e-02 4.264539422746108088e-01 1.916289356179380621e-02 3.609795430539443073e-01 2.073924120805624091e-02 1.655287454245412126e+00 1.917555637801066082e-02 3.374565886335341158e-01
1.099999999999997691e+01 2.179533198717192519e-02 4.269970973322283481e-01 2.167007041359365893e-02 3.626737460741753516e-01 2.288609313766660699e-02 1.656443584235084865e+00 2.168108442756781773e-02 3.389771070015544230e-01
1.099999999999997691e+01 9.794342656197806748e-04 4.240229057682134428e-01 9.173881209460679319e-04 3.761508450557975447e-01 2.202956440472232311e-03 1.652688451604897635e+00 9.144413463097946383e-04 3.389771070015544230e-01
1.109999999999997655e+01 2.751283924146489136e-03 4.243601739423553676e-01 2.690853589912865513e-03 3.774831686173484302e-01 4.083684500951298424e-03 1.652749587642553530e+00 2.691577319172711383e-03 3.404128850958010877e-01
1.119999999999997620e+01 5.402707268915913491e-03 4.244576977908309789e-01 5.318841658344628312e-03 3.788619979797919757e-01 6.809311806032441496e-03 1.653035122135712909e+00 5.334339438080792570e-03 3.423539235348372900e-01
1.129999999999997584e+01 7.487952599571510472e-03 4.243064625719088490e-01 7.458394650076313227e-03 3.803399148481770853e-01 9.235858652783658293e-03 1.652983025467346989e+00 7.468179987486761769e-03 3.441648060430272382e-01
1.139999999999997549e+01 7.495043754124586406e-03 4.240289703452342907e-01 7.584440192433071666e-03 3.817886825035843867e-01 9.554251625648687088e-03 1.652680512852316319e+00 7.644361288286392712e-03 3.456626121652233707e-01
1.149999999999997513e+01 9.361414919864533696e-03 4.236592327521560564e-01 9.425336840512971159e-03 3.831539513229882954e-01 1.169471355370071443e-02 1.652395787472342503e+00 9.516008907674341349e-03 3.470963302276025009e-01
1.159999999999997478e+01 1.230384490851024228e-02 4.234475144309837180e-01 1.232629229323066282e-02 3.845821154570412959e-01 1.453788015893466186e-02 1.651924601699903183e+00 1.240342055805716305e-02 3.485436657213422107e-01
1.169999999999997442e+01 1.407288383008268792e-02 4.233819118479369426e-01 1.425513087203273202e-02 3.858570675687413298e-01 1.582426840684104247e-02 1.650848714364336889e+00 1.433253730155662278e-02 3.497367902512984461e-01
1.179999999999997407e+01 1.495564851919622962e-02 4.234178064877505698e-01 1.499355645381731522e-02 3.866053068652220426e-01 1.622963445587477169e-02 1.649898440679669509e+00 1.507426272665324078e-02 3.505546630998218616e-01
1.189999999999997371e+01 1.480429369866568395e-02 4.230922108883315991e-01 1.505702874380347202e-02 3.871945292040891440e-01 1.600861163927097888e-02 1.649182000832719153e+00 1.511937189979049509e-02 3.510808705250141326e-01
1.199999999999997335e+01 1.584488414927870056e-02 4.228327142598550803e-01 1.620880631152068693e-02 3.878040685860885683e-01 1.724609229496627122e-02 1.648500737120989434e+00 1.627052090160227560e-02 3.517085027616368431e-01
1.199999999999997335e+01 1.370088730743388968e-03 4.167683704598070804e-01 1.203338665650599288e-03 3.928549441208597504e-01 2.592623875428408213e-03 1.656961466856732068e+00 1.202135141807317417e-03 3.516713645492604012e-01
1.209999999999997300e+01 3.103281525574026409e-03 4.160092562825675744e-01 2.761315774801434246e-03 3.929320393756075558e-01 4.615690271208872618e-03 1.655663491916775865e+00 2.727359695017680507e-03 3.521200889231159703e-01
1.219999999999997264e+01 5.480815353952978898e-03 4.151655221987172184e-01 5.198845304630743923e-03 3.932596181954101655e-01 6.519831631757871948e-03 1.654416276791521145e+00 5.126881972850586347e-03 3.521948522898662448e-01
1.229999999999997229e+01 6.961413635583192476e-03 4.142353250006891585e-01 7.018670863223421853e-03 3.936767632898122704e-01 7.734332964348424912e-03 1.653322827134545259e+00 6.883894135027769992e-03 3.523718941787717940e-01
1.239999999999997193e+01 8.614621367518162862e-03 4.139066160460743715e-01 8.604911467772353648e-03 3.943349917219054479e-01 1.009637485626260420e-02 1.652354340631591256e+00 8.475442458412632205e-03 3.531472778971299076e-01
1.249999999999997158e+01 1.102570139626386433e-02 4.132103966412585816e-01 1.097816881896089732e-02 3.948054599922318220e-01 1.247285137178935112e-02 1.651032770947943318e+00 1.082476237627539445e-02 3.536840093630763127e-01
1.259999999999997122e+01 1.075508924274892752e-02 4.125680614043538141e-01 1.060924808828269533e-02 3.955509423118728773e-01 1.221505104108246836e-02 1.649884433102403181e+00 1.048826174488584270e-02 3.542688298019368576e-01
1.269999999999997087e+01 1.206447819704054188e-02 4.116268211672118316e-01 1.194834102623671540e-02 3.956026392476215681e-01 1.336336401713896990e-02 1.648341235035178265e+00 1.182130482139354989e-02 3.544037769081553324e-01
1.279999999999997051e+01 1.422420795832896566e-02 4.109484695022949108e-01 1.409449363904873367e-02 3.953883953587447597e-01 1.559010057258584415e-02 1.646675610210685425e+00 1.397011587176870580e-02 3.539784157581282731e-01
1.289999999999997016e+01 1.628196369349780084e-02 4.101342468974285560e-01 1.617118238729449431e-02 3.952070572865526432e-01 1.811983096419054681e-02 1.645165893122768175e+00 1.601288564046362758e-02 3.538736597627477054e-01
1.299999999999996980e+01 1.810157181187311420e-02 4.091363133111911576e-01 1.805882122343747606e-02 3.945849026537008308e-01 2.027227563421203638e-02 1.643370100276807078e+00 1.783873809884571268e-02 3.533307397955948170e-01
1.299999999999996980e+01 1.280917663419906156e-03 4.075014132221107532e-01 1.192791878409084306e-03 4.042013464989486216e-01 2.840770481653647362e-03 1.664655703209350968e+00 1.162764271051044181e-03 3.533307397955948170e-01
1.309999999999996945e+01 3.103303264237599647e-03 4.064155049203816983e-01 3.104664887183241403e-03 4.032809951492207778e-01 5.284658029754244445e-03 1.662847129477599495e+00 3.047635543879199851e-03 3.522958865876226198e-01
1.319999999999996909e+01 4.607464459498486486e-03 4.049737057896461989e-01 4.592248573381580226e-03 4.022863995746643884e-01 7.229964735965092870e-03 1.660768964079703425e+00 4.522046985416853203e-03 3.508727024738706457e-01
1.329999999999996874e+01 7.932263737192185929e-03 4.040226994210235900e-01 8.024954567325061003e-03 4.010341723987550511e-01 1.119941323376242963e-02 1.659008909868841197e+00 7.908754174934660985e-03 3.492493455231217570e-01
1.339999999999996838e+01 9.774124815182232834e-03 4.031691244192441848e-01 9.890518272116843868e-03 3.999951174852270919e-01 1.266153766970597519e-02 1.656730773556184255e+00 9.804842915843117734e-03 3.476461419675645481e-01
1.349999999999996803e+01 1.141084253774385555e-02 4.027625078774610956e-01 1.145183800431213463e-02 3.985600179895367190e-01 1.411152182491198261e-02 1.654578936514986554e+00 1.134424522504862316e-02 3.458181074960630652e-01
1.359999999999996767e+01 1.286984156933309101e-02 4.018287029370446461e-01 1.301861081006648602e-02 3.970450577498745859e-01 1.539681549212303102e-02 1.652716797303354301e+00 1.290453962217458575e-02 3.436402514784342443e-01
1.369999999999996732e+01 1.487910390372621482e-02 4.015031893215519343e-01 1.498605391382168937e-02 3.956405194006416548e-01 1.771882932804656058e-02 1.651060047491986538e+00 1.484573614452939019e-02 3.418158298756360791e-01
1.379999999999996696e+01 1.718546993362051259e-02 4.015161208735025800e-01 1.737048611925934988e-02 3.941676160179374278e-01 1.951456218748183133e-02 1.648526463162029998e+00 1.722595115817717251e-02 3.394468494119474711e-01
1.389999999999996660e+01 1.916191035785066304e-02 4.010950024671470771e-01 1.925403809538255712e-02 3.932602383607066154e-01 2.108211226533898697e-02 1.646673275046640184e+00 1.910340945203801641e-02 3.376267016699294743e-01
1.399999999999996625e+01 2.276986007256758676e-02 4.007526350651967606e-01 2.277075582963127356e-02 3.918805545518627143e-01 2.446266822906590852e-02 1.645211187421930399e+00 2.261333972844862400e-02 3.353979351609579496e-01
1.399999999999996625e+01 1.101151474227650938e-03 3.990603314279408953e-01 1.219500161706552109e-03 4.047401901850314898e-01 2.912679269498571078e-03 1.657012091725065694e+00 1.158132646710096801e-03 3.353979351609579496e-01
1.409999999999996589e+01 2.856906917791161848e-03 3.983376539070182520e-01 2.854212660501679894e-03 4.033405201828099140e-01 4.899964640203295467e-03 1.656102657787496213e+00 2.809570962555651887e-03 3.337755396784556905e-01
1.419999999999996554e+01 4.028410620840131538e-03 3.977693868486898987e-01 3.934232794281991054e-03 4.017177828852430688e-01 5.766648110068029430e-03 1.655257740315710491e+00 3.955206088976580617e-03 3.319564109485778625e-01
1.429999999999996518e+01 5.759201568642897777e-03 3.969526829582869509e-01 5.516956609879649330e-03 4.000474425868834061e-01 8.029991234245626580e-03 1.654513572828338219e+00 5.521333786873031807e-03 3.300548808917742605e-01
1.439999999999996483e+01 6.514017589464576527e-03 3.967474058511205603e-01 6.255254080844908048e-03 3.982734871931983278e-01 8.978495718631882699e-03 1.653443119595378707e+00 6.304173620470123786e-03 3.276487920947007138e-01
1.449999999999996447e+01 7.631846993882324820e-03 3.967104271188113818e-01 7.548421188680320970e-03 3.958510330695931279e-01 1.031398968655085173e-02 1.652494259976998947e+00 7.575503503712132693e-03 3.249585225711177361e-01
1.459999999999996412e+01 8.983381153693075979e-03 3.968420175266036964e-01 8.780222761918796137e-03 3.936481226283118362e-01 1.159934484984205365e-02 1.651719483938483002e+00 8.803338629431244067e-03 3.223222625726566148e-01
1.469999999999996376e+01 1.128892905589165899e-02 3.971964557183571554e-01 1.127640501849563187e-02 3.917330009816120673e-01 1.417127295516533783e-02 1.651057100700865865e+00 1.130054350073488902e-02 3.200957683575415547e-01
1.479999999999996341e+01 1.353824556502941472e-02 3.980467071159973780e-01 1.355667941215524253e-02 3.903658968334806634e-01 1.657221537212942922e-02 1.650813606565070035e+00 1.355569968390318500e-02 3.184594197062632359e-01
1.489999999999996305e+01 1.534682443796344005e-02 3.988169700161728337e-01 1.531220897832703993e-02 3.884935433828717311e-01 1.873107910530561609e-02 1.650638454184840231e+00 1.530737318290833517e-02 3.160348184973993946e-01
1.499999999999996270e+01 1.604029920392340339e-02 4.000580387066530741e-01 1.617166139604183511e-02 3.870786770617501982e-01 1.947167718944578171e-02 1.650298937835426916e+00 1.615892938160583270e-02 3.138022578865202750e-01
1.499999999999996270e+01 1.404425172497717660e-03 3.952924773648359702e-01 1.445052050617395313e-03 4.019012904338986059e-01 2.867757335370392773e-03 1.646784029871153132e+00 1.397932108593647913e-03 3.138294513724664836e-01
1.509999999999996234e+01 3.327523092090290020e-03 3.951450032018156699e-01 3.434619058256465057e-03 4.010398636244535964e-01 4.680504983797822982e-03 1.646115643395601902e+00 3.411786699256428353e-03 3.121808864533324179e-01
1.519999999999996199e+01 5.344050946194162446e-03 3.955723690852005481e-01 5.503389832171673608e-03 3.998250801894546180e-01 7.071330402769692401e-03 1.646016590518515788e+00 5.524102303957204377e-03 3.112519355492962547e-01
1.529999999999996163e+01 7.485348304154148223e-03 3.958139218784263447e-01 7.575424081399617822e-03 3.989634360722072448e-01 9.196735680429531448e-03 1.646048193434463291e+00 7.638751996262297533e-03 3.101058138681203613e-01
1.539999999999996128e+01 8.898892212060001763e-03 3.957988859513272284e-01 8.833774751679228376e-03 3.985652460799444241e-01 1.089303841594275318e-02 1.646434414327767382e+00 8.909273306997754147e-03 3.091943161881660629e-01
1.549999999999996092e+01 9.376117477363769825e-03 3.961982808522312993e-01 9.290130974506370307e-03 3.976586159623400341e-01 1.139361208933097579e-02 1.646593857235153946e+00 9.385496121218410426e-03 3.084421794410758810e-01
1.559999999999996056e+01 1.200100891138250643e-02 3.970030756102865821e-01 1.199087022314214955e-02 3.965775220875578100e-01 1.386032678487291413e-02 1.646987562729846255e+00 1.203077404137690987e-02 3.075421860436535204e-01
1.569999999999996021e+01 1.472399683060874112e-02 3.974990708662583527e-01 1.481988327675274122e-02 3.960043752552749874e-01 1.615627030884613999e-02 1.647488894085622713e+00 1.486154500641441445e-02 3.071390504674725852e-01
1.579999999999995985e+01 1.579468014398626927e-02 3.979270737224215870e-01 1.597996581309271344e-02 3.953178866530790980e-01 1.677584505022150854e-02 1.648097859083690775e+00 1.601941150291336102e-02 3.066255762868421164e-01
1.589999999999995950e+01 1.664779010718046848e-02 3.984613953849098222e-01 1.675538167589782010e-02 3.947827838308251569e-01 1.829210912643510975e-02 1.648368784091422068e+00 1.676908741925487931e-02 3.060755407805626493e-01
1.599999999999995914e+01 1.986240092091976286e-02 3.991132233781300997e-01 1.985034796000413257e-02 3.942685403402291788e-01 2.153087719054183613e-02 1.648930417416650807e+00 1.989821887735457318e-02 3.059414906463167605e-01
1.599999999999995914e+01 1.190124740899674814e-03 3.975926287742272414e-01 1.585681952711947337e-03 4.154503507637639093e-01 2.508175469942992147e-03 1.641850407389131350e+00 1.494133112390389883e-03 3.059343178611843572e-01
