0.01 0.04812 0.3043 0.05914 0.3295 0.05986 1.498
0.02 0.06616 0.3197 0.06451 0.3009 0.06492 1.514
0.05 0.04733 0.3979 0.04698 0.2805 0.04721 1.102
0.1 0.06974 0.3623 0.06069 0.3 0.06123 1.501
0.2 0.06361 0.3986 0.05455 0.3231 0.0558 1.38
0.5 0.04748 0.3236 0.05794 0.3204 0.05923 1.347
1.0 0.02329 0.3006 0.02238 0.2333 0.02257 0.6851
2.0 0.03226 0.286 0.01992 0.1938 0.02005 0.5547
5.0 0.01347 0.3107 0.00859 0.1188 0.008328 0.3094
10.0 0.0152 0.291 0.00882 0.122 0.008724 0.2569
20.0 0.01245 0.2761 0.006543 0.1048 0.006362 0.1491
50.0 0.01257 0.2761 0.006069 0.09885 0.00576 0.09851
100.0 0.01336 0.2598 0.005126 0.08123 0.004956 0.07758
200.0 0.01241 0.2723 0.006105 0.1095 0.005973 0.07589
500.0 0.012 0.2579 0.005366 0.0923 0.005207 0.07429
